C:\data\training_data_real_mixed\images\IMG_20190711_091919.jpg 1096,442,1698,799,2 1052,868,1382,943,0 1052,1116,2428,1189,1 1051,1194,2433,1267,1 1047,1282,2430,1432,1 1045,1442,2439,1592,1 1046,1603,2434,1674,1 1045,1688,2444,1842,1 1059,1931,2351,2000,3
C:\data\training_data_real_mixed\images\IMG_20190711_091930.jpg 1331,477,2483,944,2 1147,1826,2485,1978,1 1144,1976,2485,2119,1 1143,2257,2348,2344,3 1101,3506,1412,3579,0 2111,2841,2500,2926,0
C:\data\training_data_real_mixed\images\IMG_20190711_091938__01.jpg 1313,1112,2452,1204,2 2012,2127,2390,2198,0 1069,2274,2693,2428,1 1067,2497,2655,2713,3
C:\data\training_data_real_mixed\images\IMG_20190711_091947__01.jpg 1250,410,2189,647,2 1639,887,1913,952,0 1146,1009,2225,1214,1 1149,1339,2228,1412,3 1444,3672,1897,3751,3 1528,4448,1756,4498,0
C:\data\training_data_real_mixed\images\IMG_20190711_091955__01.jpg 1602,233,1844,298,2 1142,526,2308,595,1 1146,597,2307,655,1 1148,654,2308,712,1 1148,714,2308,770,1 1147,769,2308,827,1 1149,826,2312,887,1 1146,882,2312,940,1 1150,942,2317,1000,1 1152,1001,2318,1055,1 1146,1054,2323,1112,1 1146,1112,2317,1168,1 1146,1161,2323,1228,1 1141,1223,2327,1284,1 1142,1284,2328,1344,1 1145,1344,2328,1407,1 1147,1407,2330,1465,1 1146,1465,2332,1526,1 1147,1529,2333,1587,1 1152,1591,2338,1647,1 1157,1641,2335,1706,1 1153,1700,2338,1773,1 1157,1760,2343,1831,1 1155,1827,2338,1885,1 1164,1883,2338,1950,1 1156,1945,2339,2010,1 1168,2004,2343,2073,1 1162,2061,2343,2130,1 1160,2123,2343,2194,1 1161,2186,2338,2247,1 1154,2240,2348,2313,1 1159,2301,2348,2370,1 1157,2366,2348,2427,1 1154,2421,2348,2490,1 1157,2487,2348,2545,1 1150,2539,2353,2672,1 1154,2662,2357,2727,1 1154,2718,2354,2787,1 2031,2961,2318,3015,0 1134,4297,2334,4382,3
C:\data\training_data_real_mixed\images\IMG_20190711_092058__01.jpg 1174,252,2399,516,2 1672,940,2041,1034,0 1033,1115,2479,1408,1 1030,1461,2482,1725,1 1034,1807,2478,2104,1 1050,2241,2474,2347,3
C:\data\training_data_real_mixed\images\IMG_20190711_092132.jpg 1510,339,2027,565,2 599,921,2843,1093,1 596,1059,2848,1223,1 589,1191,2850,1357,1 599,1329,2851,1483,1 599,1449,2863,1733,1 602,1726,2854,1884,1 606,1989,2844,2221,3 2009,4091,2457,4232,0
C:\data\training_data_real_mixed\images\IMG_20190711_092138.jpg 1201,353,2177,550,2 929,791,1313,860,0 901,1139,2398,1295,1 908,2096,2318,2198,3 861,3097,2432,3201,3 1177,2946,1585,3038,0
C:\data\training_data_real_mixed\images\IMG_20190711_092147__01.jpg 1087,440,1664,757,2 1034,868,1358,953,0 1022,1108,2393,1198,1 1020,1203,2399,1278,1 1018,1277,2395,1352,1 1020,1363,2397,1523,1 1026,1605,2302,1672,3 1416,3708,2023,3862,3 1032,2818,1370,2895,0 1242,4332,1505,4417,0 1786,502,2253,563,2
C:\data\training_data_real_mixed\images\IMG_20190711_092156__01.jpg 781,614,2627,1035,2 748,1512,2557,1728,1 748,1725,2543,1916,1 949,1992,2450,2113,3 1172,3162,1530,3264,0
C:\data\training_data_real_mixed\images\IMG_20190711_092205__01.jpg 1532,299,1985,795,2 1596,942,1788,1013,2 1049,1497,2288,1578,1 1042,1571,2295,1658,1 1042,1654,2295,1814,1 1051,1801,2295,1895,1 1048,1888,2223,1973,1 1048,1967,2228,2131,1 1057,2118,2293,2205,1 1056,2206,2295,2283,1 1053,2362,2298,2505,3 1071,4008,1342,4100,0
C:\data\training_data_real_mixed\images\IMG_20190711_092219.jpg 1621,293,2043,820,2 1694,938,1873,1001,2 1161,1479,2338,1554,1 1170,1551,2387,1727,1 1171,1705,2402,1801,1 1177,1775,2402,1875,1 1176,1854,2404,1962,1 1181,1938,2411,2036,1 1185,2083,2401,2266,3 1246,3825,1515,3910,0
C:\data\training_data_real_mixed\images\IMG_20190711_092225.jpg 1480,359,2012,1205,2 1089,1248,2348,1358,2 907,2521,2589,2832,1 908,2943,2523,3030,3 1124,3531,1490,3633,0
C:\data\training_data_real_mixed\images\IMG_20190711_092233.jpg 1655,336,1946,423,2 1097,701,2494,803,1 1094,775,2498,875,1 1099,842,2493,940,1 1092,914,2503,1018,1 1093,992,2498,1084,1 1098,1064,2497,1162,1 1098,1139,2500,1231,1 1100,1204,2497,1300,1 1090,1281,2495,1379,1 1097,1356,2499,1446,1 1093,1422,2498,1512,1 1093,1499,2509,1659,1 1095,1649,2506,1736,1 1094,1710,2510,1808,1 1098,1796,2500,1946,1 1101,1935,2500,2018,1 1100,2007,2504,2090,1 1107,2080,2504,2163,1 1104,2163,2492,2236,1 1102,2222,2499,2303,1 1102,2300,2493,2377,1 1101,2370,2495,2449,1 1100,2442,2496,2521,1 1103,2516,2499,2593,1 1097,2586,2499,2659,1 1109,2655,2492,2730,1 1111,2724,2502,2803,1 1105,2800,2496,2875,1 1103,2876,2499,2949,1 1108,2946,2496,3023,1 1111,3019,2501,3092,1 1106,3141,2514,3257,3 1839,3574,2110,3651,0
C:\data\training_data_real_mixed\images\IMG_20190711_092244.jpg 1674,192,1948,294,2 1216,503,2385,640,1 1217,652,2375,777,1 1206,780,2378,845,1 1207,845,2373,908,1 1211,906,2372,971,1 1210,971,2382,1040,1 1206,1042,2375,1100,1 1196,1101,2377,1232,1 1199,1231,2368,1302,1 1197,1300,2371,1375,1 1191,1365,2371,1502,1 1191,1501,2371,1578,1 1190,1570,2367,1647,1 1190,1644,2362,1715,1 1187,1705,2368,1782,1 1181,1771,2370,1912,1 1181,1906,2367,1973,1 1176,1961,2368,2042,1 1175,2031,2364,2112,1 1174,2110,2368,2243,1 1176,2245,2362,2320,1 1171,2313,2365,2386,1 1168,2388,2365,2517,1 1166,2518,2365,2657,1 1165,2659,2368,2807,1 1155,2803,2364,2880,1 1150,2871,2367,2958,1 1149,2930,2375,3015,1 1146,3006,2365,3083,1 1150,3069,2367,3223,1 1144,3276,2358,3405,3 1960,4321,2197,4398,0
C:\data\training_data_real_mixed\images\IMG_20190711_092254.jpg 1309,334,1855,620,2 1946,377,2382,452,2 1297,712,1590,779,0 1288,929,2499,1010,1 1288,1006,2511,1141,1 1291,1143,2502,1214,1 1295,1210,2497,1289,1 1297,1360,2435,1437,3 1323,3554,1616,3621,0 1699,4267,2217,4425,3
C:\data\training_data_real_mixed\images\IMG_20190711_092305.jpg 1446,458,1992,1130,2 816,1768,2645,1913,1 816,1944,2639,2063,3
C:\data\training_data_real_mixed\images\IMG_20190711_092310.jpg 1556,698,2057,825,2 591,1268,2983,1465,1 581,1401,2966,1580,1 591,1521,2967,1702,1 582,1759,2980,1940,3 1841,2539,2322,2647,0
C:\data\training_data_real_mixed\images\IMG_20190711_092316.jpg 1241,369,2413,703,2 1397,774,2173,888,2 1077,1231,2505,1610,1 1179,1682,2483,1778,3 1491,3312,1770,3395,0
C:\data\training_data_real_mixed\images\IMG_20190711_092324__01.jpg 1170,309,2327,635,2 1317,714,2099,816,2 981,1152,2428,1573,1 1103,1792,2393,1900,3 1389,2951,1663,3028,0 1406,3137,1697,3210,0
C:\data\training_data_real_mixed\images\IMG_20190711_092331.jpg 1076,839,2262,980,2 1770,1924,2192,2016,0 756,2044,2508,2285,1 759,2233,2532,2445,1 753,2469,2444,2733,3
C:\data\training_data_real_mixed\images\IMG_20190711_092341.jpg 805,813,2696,1014,2 800,2434,2567,2785,1 781,3808,2537,4055,3 1426,1969,2048,2125,0 795,2774,2562,2936,3
C:\data\training_data_real_mixed\images\IMG_20190711_092346.jpg 1195,453,2446,600,2 546,1295,3077,1420,1 545,1405,3080,1540,1 538,1532,3077,1657,1 869,1888,2967,2019,3 1068,4129,1749,4233,0
C:\data\training_data_real_mixed\images\IMG_20190711_092352.jpg 1541,408,1947,529,2 931,958,2518,1105,1 923,1067,2505,1200,1 916,1173,2508,1298,1 923,1271,2510,1400,1 919,1378,2503,1497,1 917,1477,2499,1593,1 919,1564,2498,1693,1 924,1671,2500,1790,1 926,1766,2493,1885,1 924,1863,2494,1990,1 917,1959,2493,2075,1 923,2151,2488,2278,3 1731,2943,2058,3030,0
C:\data\training_data_real_mixed\images\IMG_20190711_092411.jpg 1491,617,1955,731,2 795,1645,2582,1836,3 778,1415,2559,1527,1 806,4106,1200,4233,0
C:\data\training_data_real_mixed\images\IMG_20190715_101127__01.jpg 831,703,2977,1194,2 765,1768,2792,2040,1 740,2114,2812,2245,3 1220,3014,1667,3135,0
C:\data\training_data_real_mixed\images\IMG_20190715_101131__01.jpg 1430,543,2621,1065,2 1172,1743,2580,1948,1 1157,1896,2573,2093,1 1149,2052,2573,2260,1 1133,2209,2552,2489,1 1129,2514,2385,2624,3 1037,3674,1369,3764,0
C:\data\training_data_real_mixed\images\IMG_20190715_101136__01.jpg 1379,578,1905,875,2 1997,643,2431,718,2 1324,1161,2541,1251,1 1319,1236,2541,1321,1 1326,1312,2540,1397,1 1330,1376,2541,1542,1 1319,1534,2536,1686,1 1321,1670,2532,1828,1 1322,1817,2533,1900,1 1317,1896,2539,1981,1 1308,1961,2531,2117,1 1317,2180,2449,2261,3 1289,4220,1588,4297,0 1340,935,1628,1020,0
C:\data\training_data_real_mixed\images\IMG_20190715_101150__01.jpg 1605,422,1930,694,2 1141,1071,2394,1163,1 1148,1156,2392,1275,1 1194,1442,2403,1517,3 1574,2462,2073,2543,3 1643,2932,1892,3005,0
C:\data\training_data_real_mixed\images\IMG_20190715_101200__01.jpg 1400,663,2061,904,2 335,1368,3087,1569,1 321,1519,3073,1735,1 320,1849,3052,2195,3 1936,4038,2462,4190,0
C:\data\training_data_real_mixed\images\IMG_20190715_101205__01.jpg 1623,229,1872,310,2 1144,517,2335,633,1 1144,587,2330,689,1 1147,641,2327,751,1 1141,704,2327,810,1 1140,761,2325,873,1 1140,829,2321,933,1 1140,894,2321,996,1 1136,951,2322,1053,1 1125,1014,2322,1112,1 1131,1071,2319,1175,1 1128,1129,2317,1237,1 1126,1199,2312,1355,1 1128,1324,2311,1420,1 1123,1382,2312,1482,1 1126,1445,2307,1543,1 1120,1502,2301,1602,1 1124,1568,2304,1660,1 1116,1629,2307,1725,1 1116,1689,2305,1785,1 1125,1749,2300,1847,1 1120,1816,2301,1906,1 1118,1874,2293,1968,1 1121,1936,2288,2026,1 1111,1989,2288,2085,1 1115,2048,2287,2150,1 1116,2116,2283,2206,1 1115,2176,2287,2266,1 1111,2236,2283,2325,1 1111,2293,2283,2385,1 1115,2358,2284,2447,1 1109,2413,2278,2500,1 1100,2476,2277,2561,1 1111,2536,2277,2623,1 1106,2599,2277,2680,1 1104,2655,2278,2740,1 1104,2718,2273,2797,1 1104,2778,2273,2857,1 1100,2835,2272,2918,1 1100,2896,2267,2979,1 1095,2961,2267,3038,1 1101,3018,2267,3097,1 1096,3077,2265,3158,1 1096,3136,2263,3215,1 1091,3196,2263,3279,1 1094,3258,2258,3337,1 1096,3371,2263,3456,3 1694,3734,1932,3794,0
C:\data\training_data_real_mixed\images\IMG_20190715_101216.jpg 1337,469,2259,793,2 1317,1198,1579,1259,0 1268,1678,2268,1898,1 1261,1902,2258,2120,1 1256,2124,2253,2338,1 1261,2549,2258,2601,3 1998,3099,2255,3160,0
C:\data\training_data_real_mixed\images\IMG_20190715_101227.jpg 1442,356,2176,829,2 1582,853,2013,928,2 1183,1288,2403,1440,1 1197,1431,2399,1518,1 1191,1493,2405,1580,1 1191,1551,2410,1628,1 1184,1608,2410,1805,1 1168,1796,2407,1983,1 1154,1963,2408,2160,1 1156,2143,2407,2280,1 1172,2262,2398,2395,1 1177,2366,2391,2449,1 1184,2423,2390,2502,1 1180,2478,2389,2553,1 1174,2534,2382,2615,1 1184,2593,2378,2770,1 1181,2766,2372,2827,1 1176,2821,2370,2884,1 1178,2878,2377,2947,1 1178,2936,2369,3005,1 1176,2991,2376,3054,1 1173,3045,2375,3116,1 1173,3103,2375,3170,1 1170,3166,2375,3231,1 1170,3222,2373,3287,1 1168,3285,2377,3345,1 1170,3335,2373,3402,1 1161,3401,2380,3468,1 1156,3467,2375,3525,1 1160,3520,2377,3587,1 1156,3581,2384,3648,1 1154,3637,2382,3708,1 1150,3700,2380,3767,1 1153,3761,2372,3805,1 1169,3804,2371,3852,1 1165,3842,2365,3888,1 1179,3880,2365,3941,1 1200,4057,2355,4115,3
C:\data\training_data_real_mixed\images\IMG_20190715_101233.jpg 1523,121,2162,480,2 1613,518,2050,589,2 1258,1507,2377,1833,1 1274,1908,2344,1985,3 1418,3606,1635,3677,0
C:\data\training_data_real_mixed\images\IMG_20190715_101242.jpg 1355,724,2097,1280,2 1446,1304,1972,1400,2 956,1773,2433,1935,1 943,1864,2424,2138,1 936,2066,2453,2197,1 938,2148,2433,2273,1 936,2219,2425,2331,1 948,2501,2408,2624,3 1063,3793,1438,3878,0
C:\data\training_data_real_mixed\images\IMG_20190715_101250.jpg 1803,564,1998,664,2 1252,1349,1560,1453,0 1002,1532,2705,1773,1 996,1788,2617,1935,3
C:\data\training_data_real_mixed\images\IMG_20190715_101259.jpg 1166,319,2268,665,2 1559,1630,1856,1701,0 1114,2005,2309,2525,1 1094,2505,2296,3038,1 1041,3059,2313,3165,3 1043,4220,1269,4278,0
C:\data\training_data_real_mixed\images\IMG_20190715_101305__01.jpg 1310,594,2467,916,2 1185,1798,2362,2470,1 1148,2508,2347,2610,3 2105,1752,2362,1827,0
C:\data\training_data_real_mixed\images\IMG_20190715_101311__01.jpg 1703,569,1988,665,2 1137,903,2505,1102,1 1147,1054,2510,1168,1 1147,1121,2501,1248,1 1148,1196,2505,1308,1 1152,1269,2498,1379,1 1147,1331,2501,1450,1 1143,1407,2488,1513,1 1147,1474,2493,1580,1 1136,1542,2495,1654,1 1137,1617,2499,1723,1 1146,1684,2483,1790,1 1144,1752,2485,1858,1 1141,1827,2482,1925,1 1134,1897,2488,1995,1 1136,1967,2490,2063,1 1137,2037,2480,2133,1 1137,2107,2483,2205,1 1136,2176,2485,2270,1 2103,2471,2442,2540,0 1114,3811,2443,3905,3 1801,4151,2060,4222,0
C:\data\training_data_real_mixed\images\IMG_20190715_101317__01.jpg 1085,438,2162,569,2 988,1094,2317,1213,1 973,1169,2318,1323,1 961,1318,2304,1445,1 951,1401,2314,1524,1 949,1487,2315,1653,1 934,1647,2300,1780,1 937,1733,2300,1858,1 934,1891,2226,2024,3 1956,2346,2309,2425,0
C:\data\training_data_real_mixed\images\IMG_20190715_101322__01.jpg 1326,1178,2422,2080,2 1372,2161,2250,2300,2 948,3081,2645,3210,1 948,3194,2647,3300,1 1152,4001,1574,4103,0 941,3391,2672,3510,3
C:\data\training_data_real_mixed\images\IMG_20190715_101327__01.jpg 1268,1026,2347,1184,2 1482,1708,1950,1797,0 1106,3292,2517,3404,3
C:\data\training_data_real_mixed\images\IMG_20190715_101332__01.jpg 1111,383,2347,740,2 1649,1516,1993,1605,0 997,1604,2295,2474,1 978,2566,2278,2660,3
C:\data\training_data_real_mixed\images\IMG_20190715_101338__01.jpg 1399,873,2338,1012,2 1572,1218,1928,1310,0 1264,1898,2523,2095,1 1242,2317,2518,2518,1 1237,2478,2499,2663,1 1228,2618,2503,2805,1 1401,3051,2480,3165,3
C:\data\training_data_real_mixed\images\IMG_20190715_101343__01.jpg 1470,729,1937,1401,2 1077,1461,2249,1580,2 874,2673,2458,2974,1 1093,3514,1498,3620,0 869,3051,2391,3140,3
C:\data\training_data_real_mixed\images\IMG_20190715_101347__01.jpg 966,458,2558,835,2 1214,792,2091,923,2 776,1553,2590,1810,1 1603,1431,1949,1533,0 787,1824,2590,1988,3
C:\data\training_data_real_mixed\images\IMG_20190715_101355__01.jpg 1280,818,1911,1355,2 695,1948,2577,2079,1 691,2108,2603,2195,3
C:\data\training_data_real_mixed\images\IMG_20190715_101403__01.jpg 1011,393,2422,715,2 954,887,1233,970,0 1081,1092,2410,1223,1 1081,1172,2410,1288,1 1076,1239,2405,1355,1 1084,1307,2410,1423,1 1079,1374,2411,1480,1 1081,1442,2410,1550,1 1066,1512,2403,1620,1 993,1578,2403,1680,1 1067,1649,2399,1753,1 1069,1714,2393,1816,1 1059,1774,2408,1888,1 1017,2526,2313,2638,3 1017,4067,1249,4128,0
C:\data\training_data_real_mixed\images\IMG_20190715_101409__01.jpg 1335,1234,2386,1545,2 1040,2049,2587,2375,1 1025,1779,1506,1935,0 995,3393,2532,3584,3
C:\data\training_data_real_mixed\images\IMG_20190715_101417__01.jpg 1369,966,2505,1240,2 1316,1938,1567,2019,0 1283,2317,2393,2518,1 1282,2784,2378,2898,3
C:\data\training_data_real_mixed\images\IMG_20190715_101422__01.jpg 1306,413,2217,650,2 669,1672,2795,1838,1 653,1786,2802,1948,1 646,1912,2803,2066,1 632,2023,2800,2183,1 649,2141,2791,2293,1 632,2964,2750,3120,3 636,3212,1083,3306,0
C:\data\training_data_real_mixed\images\IMG_20190715_101426__01.jpg 1318,846,2109,954,2 755,2046,2662,2303,1 771,2299,2653,2513,1 782,2505,2664,2636,1 771,2739,2476,2920,3 1009,3608,1463,3693,0
C:\data\training_data_real_mixed\images\IMG_20190715_101431__01.jpg 658,1106,1457,1247,2 628,1705,2600,2037,1 638,2105,2497,2310,3 651,2835,1043,2937,0
C:\data\training_data_real_mixed\images\IMG_20190715_101437__01.jpg 1148,376,2308,569,2 1864,1228,2126,1303,0 1038,1519,2403,1631,1 1037,1589,2408,1780,1 1278,1839,2233,1999,3 966,2666,1315,2743,0
C:\data\training_data_real_mixed\images\IMG_20190715_101450.jpg 1086,854,2682,1250,2 993,2668,2588,2873,1 954,3136,2578,3335,3 2336,2067,2635,2138,0
C:\data\training_data_real_mixed\images\IMG_20190715_101455.jpg 813,692,2318,1030,2 759,1667,2203,1831,1 764,1827,2230,1989,1 769,1992,2213,2150,1 763,2152,2240,2235,1 756,2311,2225,2405,3 1096,3427,1407,3500,0
C:\data\training_data_real_mixed\images\IMG_20190715_101501.jpg 1318,1187,2229,1303,2 958,2369,2545,2628,1 933,2851,2540,2994,3 909,3674,1339,3764,0
C:\data\training_data_real_mixed\images\IMG_20190715_101507.jpg 1462,521,1927,656,2 618,1208,2660,1407,1 625,1462,2656,1638,3 1692,2249,2117,2363,0
C:\data\training_data_real_mixed\images\IMG_20190715_101519.jpg 1392,661,2250,850,2 1668,882,1911,949,2 1132,1248,2438,1404,1 1131,1494,2432,1598,3 1884,2470,2158,2560,0
C:\data\training_data_real_mixed\images\IMG_20190715_101525.jpg 1672,474,2053,588,2 1096,813,2579,1008,1 1089,986,2595,1173,1 1086,1163,2589,1350,1 1086,1344,2580,1450,1 1078,1434,2583,1538,1 1071,1512,2590,1628,1 1078,1609,2595,1711,1 1076,1694,2585,1800,1 1078,1777,2583,1885,1 1074,1867,2580,1965,1 1063,1962,2588,2124,1 1063,2122,2585,2238,1 1063,2219,2580,2319,1 1058,2309,2589,2411,1 1057,2392,2588,2498,1 1046,2471,2583,2585,1 1041,2637,2580,2843,3 2054,3947,2356,4041,0
C:\data\training_data_real_mixed\images\IMG_20190715_101531.jpg 1479,1092,2163,1184,2 1939,1609,2463,1699,0 1239,3329,2523,3448,3
C:\data\training_data_real_mixed\images\IMG_20190715_101538.jpg 1530,176,2404,446,2 1303,462,2309,591,2 1722,1261,2021,1317,0 1265,1805,2445,1998,1 1267,2015,2441,2191,1 2195,2264,2463,2498,3 1896,3218,2189,3283,0 1426,4061,2176,4163,3
C:\data\training_data_real_mixed\images\IMG_20190715_101546.jpg 1620,420,1891,516,2 1227,699,2281,880,1 1229,869,2289,1056,1 1230,1049,2281,1230,1 1232,1231,2286,1410,1 1230,1411,2290,1540,1 1232,1535,2286,1600,1 1235,1591,2281,1660,1 1234,1661,2285,1724,1 1228,1709,2290,1844,1 1227,1838,2292,1899,1 1233,1894,2295,2023,1 1229,2012,2277,2147,1 1233,2142,2287,2209,1 1233,2204,2290,2327,1 1226,2319,2294,2450,1 1218,2447,2309,2510,1 1218,2510,2314,2624,1 1209,2618,2321,2739,1 1203,2739,2324,2870,1 1196,2864,2334,2987,1 1188,2986,2314,3084,1 1197,3076,2296,3143,1 1191,3126,2298,3240,1 1195,3223,2285,3306,1 1193,3278,2273,3363,1 1182,3392,2258,3537,3 1862,4328,2077,4409,0
C:\data\training_data_real_mixed\images\IMG_20190715_101552.jpg 1161,1814,2182,1986,2 981,2589,1687,2805,0 576,2984,2727,3140,1 586,3149,2752,3305,1 580,3453,2737,3630,3
C:\data\training_data_real_mixed\images\IMG_20190715_101616__01.jpg 1158,546,2465,899,2 2201,1546,2452,1623,0 1122,2112,2420,2220,1 1119,2187,2420,2308,1 1118,2291,2427,2410,1 1118,2399,2425,2505,1 1108,2489,2415,2585,1 1116,2601,2423,2690,1 1124,2698,2408,2779,1 1118,2787,2418,2885,1 1122,2887,2414,2985,1 1106,2977,2407,3075,1 1109,3072,2409,3168,1 1122,3163,2406,3263,1 1107,3267,2405,3350,1 1107,3361,2399,3533,1 1103,3526,2398,3630,1 1099,3623,2383,3708,1 1113,3706,2383,3887,1 1098,3893,2398,4088,1 1079,4307,2420,4463,3
C:\data\training_data_real_mixed\images\IMG_20190715_101621__01.jpg 1175,779,2467,941,2 1410,1274,1897,1395,0 921,2159,2752,2435,1 1281,2483,2742,2635,3
C:\data\training_data_real_mixed\images\IMG_20190715_101627__01.jpg 1237,362,1898,704,2 1983,428,2473,509,2 1227,794,1565,863,0 1222,1028,2610,1115,1 1216,1094,2612,1194,1 1215,1179,2612,1271,1 1204,1252,2612,1350,1 1208,1327,2607,1433,1 1205,1413,2610,1521,1 1200,1497,2604,1684,1 1199,1659,2610,1769,1 1206,1832,2507,1926,3 1151,4428,1497,4518,0
C:\data\training_data_real_mixed\images\IMG_20190715_101633__01.jpg 1583,76,1924,190,2 1022,421,2478,595,1 1017,597,2491,738,1 1009,733,2495,910,1 1022,897,2474,995,1 1013,986,2473,1069,1 1007,1067,2471,1163,1 1008,1148,2485,1248,1 997,1308,2458,1485,3 1998,2483,2289,2564,0 1492,4017,1780,4098,0
C:\data\training_data_real_mixed\images\IMG_20190715_101639__01.jpg 1056,1003,2652,1420,2 1485,3754,1837,3870,0 1066,2733,2698,2880,3 1058,2097,2769,2323,1 1059,2283,2700,2518,1 1067,2456,2770,2697,1
C:\data\training_data_real_mixed\images\IMG_20190715_101654.jpg 1682,264,1930,358,2 1221,569,2374,698,1 1219,628,2355,755,1 1216,701,2365,820,1 1222,764,2360,878,1 1217,824,2353,930,1 1214,887,2353,999,1 1214,954,2350,1044,1 1217,1011,2350,1098,1 1211,1063,2358,1155,1 1217,1123,2355,1223,1 1218,1191,2345,1274,1 1214,1239,2353,1343,1 1201,1303,2348,1395,1 1193,1364,2350,1516,1 1203,1482,2350,1576,1 1208,1551,2349,1640,1 1208,1601,2343,1684,1 1201,1658,2350,1745,1 1207,1716,2325,1810,1 1199,1773,2343,1865,1 1201,1833,2345,1918,1 1206,1901,2330,1968,1 1203,1954,2338,2044,1 1208,2019,2335,2090,1 1201,2071,2334,2158,1 1201,2134,2328,2215,1 1191,2178,2338,2317,1 1187,2312,2331,2385,1 1198,2363,2333,2442,1 1194,2416,2338,2497,1 1194,2476,2335,2553,1 1196,2536,2323,2597,1 1194,2588,2324,2669,1 2011,2839,2298,2893,0 1197,3964,2315,4058,3 1786,4303,2015,4372,0
C:\data\training_data_real_mixed\images\IMG_20190715_101702__01.jpg 995,134,2647,646,2 1491,588,1852,715,2 728,1035,2677,1203,1 728,1142,2700,1370,1 716,1346,2690,1500,1 729,1439,2681,1603,1 718,1641,2597,1786,3 2205,2162,2720,2264,0 741,3676,1270,3790,0
C:\data\training_data_real_mixed\images\IMG_20190715_101707__01.jpg 1330,403,2707,915,2 1754,827,2061,946,2 1102,1191,2736,1415,1 1090,1360,2753,1578,1 1089,1534,2732,1744,1 1096,1710,2725,1862,1 1093,1786,2728,1944,1 1089,1861,2737,2017,1 1083,1943,2731,2105,1 1069,2115,2662,2269,3 2341,2568,2764,2670,0 1065,3935,1499,4033,0
